% Calibration dataset
21 0

% 1                     
% Ray et al. [JGR 2006]                     
% KAN-3                     
% Charnokite                     
% 1.0 other
% ------------------------
7
0 32.2
3 42.7
4 13.96
5 3.64
8 5.5
21 0.38
22 0.62

1
12
0  294.1147    1.8090
0  313.6312    1.6672
0  344.2071    1.5573
0  375.4335    1.4850
0  435.2843    1.3953
0  493.1833    1.2651
0  551.7329    1.2102
0  608.3308    1.1784
0  666.2299    1.1610
0  722.8278    1.1957
0  776.8236    1.2391
0  827.5666    1.3288


                      
% 2                     
% Ray et al. [JGR 2006]                     
% NC-99                     
% Charnokite                     
% 3.0 other
% ------------------------
6
0 34.5
3 32
4 15.07
5 3.73
21 3.25
22 8.45

1
12
0  293.4641    1.8147
0  312.9806    1.7222
0  342.9060    1.6123
0  372.1808    1.5226
0  427.4776    1.4242
0  482.1239    1.2941
0  536.7702    1.1899
0  593.3682    1.1842
0  648.0145    1.1610
0  702.6608    1.1842
0  755.3554    1.2825
0  806.7489    1.3490



% 3                     
% Ray et al. [JGR 2006]                     
% EK-105                     
% Charnokite                     
% 2.3 other
% ------------------------
9
0 26.9
3 50.7
4 8.94
5 2.26                     
13 1.2
17 0.33
18 1.25
21 1.17
22 4.45

1
12
0  293.4641    2.1416
0  313.6312    1.9362
0  338.3521    1.8350
0  364.3742    1.7251
0  417.0688    1.5949
0  471.7151    1.4705
0  527.0120    1.3751
0  582.3088    1.1957
0  640.8584    1.2854
0  700.0586    1.3114
0  756.0060    1.2912
0  810.6522    1.3693



% 4                     
% Ray et al. [JGR 2006]                     
% K-37                     
% Charnokite                     
% 6.7 other
% ------------------------
10
0 19.9
3 47.6
4 11.34
5 3.16
8 1.4
17 0.23
18 1.61
21 0.72
22 4.93
29 2.4
                      
1
12
0  294.7652    1.6846
0  311.6795    1.5486
0  340.9543    1.4271
0  368.9280    1.3259
0  424.8754    1.2478
0  479.5217    1.1581
0  536.1197    1.1147
0  595.3198    1.0713
0  652.5683    1.0453
0  707.8652    1.0395
0  765.1137    1.0598
0  816.5072    1.0771



% 5                     
% Ray et al. [JGR 2006]                     
% K-43                     
% Charnokite                     
% 1.5 other
% ------------------------
7
0 0.5
3 57
4 19.22
5 5.88
8 0.4
21 6.05
22 9.45

1
12
0  296.0663    1.3028
0  314.2817    1.2449
0  344.2071    1.1986
0  371.5302    1.1610
0  426.8271    1.1176
0  483.4250    1.0800
0  539.3724    1.0627
0  598.5726    1.0395
0  655.8211    1.0395
0  715.6718    1.0540
0  771.6192    1.1292
0  823.0127    1.2189
                      


% 6                     
% Ray et al. [JGR 2006]                     
% KU-5                     
% Charnokite                     
% 0.6 other 
% ------------------------
7
0 44.2
3 9.2
4 22.19
5 10.91
21 1.96
22 2.54
29 8.4

1
12
0  293.4228    2.2315
0  315.0312    1.9831
0  345.8068    1.8011
0  377.2372    1.6769
0  436.8240    1.4632
0  493.7916    1.3621
0  550.1044    1.2639
0  606.4171    1.1975
0  662.0751    1.1772
0  717.0783    1.2379
0  772.7363    1.2408
0  823.1559    1.2408
                      


% 7                     
% Ray et al. [JGR 2006]                     
% MP-98                     
% Enderbite                     
% 6.0 other
% ------------------------
8
0 36
3 5
4 26.02
5 7.98
8 13.4
21 3.08
22 3.52
29 9

1
12
0  295.3872    2.1882
0  312.4120    2.0669
0  340.5684    1.8907
0  367.4152    1.7607
0  422.4184    1.5787
0  474.1476    1.4401
0  529.8056    1.3419
0  587.4280    1.2783
0  645.0503    1.2754
0  702.0179    1.2292
0  757.6759    1.1917
0  808.0955    1.1772
                      


% 8                     
% Ray et al. [JGR 2006]                     
% 98-46                     
% Enderbite                     
% 2.0 other
% ------------------------
8
0 25.8
3 7.3
4 25.7
5 10
8 4
21 8.26
22 9.94
29 7

1
12
0  292.1132    1.5383
0  313.7216    1.4285
0  341.8780    1.3737
0  370.0344    1.3303
0  421.7636    1.2379
0  476.7668    1.1686
0  534.3892    1.1050
0  592.6664    1.0906
0  647.0147    1.0617
0  705.9467    1.0733
0  760.9499    1.0704
0  812.6791    1.0299
                      


% 9                     
% Ray et al. [JGR 2006]                     
% 98-78                     
% Enderbite                     
% 2.4 other
% ------------------------
9
0 21.6
3 12.6
4 26.22
5 10.38
8 3.4
13 0.4
21 8.86
22 13.94
29 0.2
    
1
12
0  295.3872    1.5296
0  314.3764    1.4372
0  343.8424    1.3477
0  371.9988    1.2754
0  429.6212    1.1830
0  483.9696    1.1252
0  542.2468    1.0761
0  597.2499    1.0530
0  640.4667    1.0299
0  682.3739    1.0415
0  737.3771    1.1050
0  813.3339    1.1599
                  


% 10                     
% Ray et al. [JGR 2006]                     
% 98-39                     
% Enderbite                     
% 4.6 other
% ------------------------
8
0 7.4
3 2
4 28.16
5 8.84
8 1
21 17.38
22 18.62
29 12

1
12
0  293.8530    1.2025
0  312.0193    1.1317
0  343.1615    1.0307
0  372.3573    0.9801
0  430.7490    0.9262
0  485.8966    0.8521
0  541.0443    0.8184
0  599.4359    0.8286
0  655.2323    0.7915
0  711.6776    0.7713
0  766.1764    0.7645
0  816.1337    0.7881
                      


% 11                     
% Ray et al. [JGR 2006]                     
% KO2                     
% Mafic Granulite                     
% 1.0 other
% ------------------------
10
0 1.4
3 1.4
4 7.23
5 14.77
8 24
17 6.99
18 5.54                     
21 4.72
22 3.74
29 29.2

1
12
0  296.4482    1.3473
0  315.9121    1.2597
0  347.0543    1.1991
0  378.8453    1.1452
0  439.1833    1.0846
0  495.6286    1.0441
0  550.7762    1.0206
0  607.8702    1.0206
0  663.0179    1.0172
0  718.8143    1.0239
0  773.9620    1.0441
0  823.9193    1.1115



% 12                     
% Ray et al. [JGR 2006]                     
% 316I                     
% Mafic Granulite                     
% 1.2 other
% ------------------------
10
0 2
3 9.6
4 9.73
5 17.77
13 46.5
17 1.08
18 0.96
21 1.15
22 1.02
29 9

1
11
0  312.6681    1.3372
0  347.0543    1.1924
0  378.1965    1.1418
0  436.5881    1.0576
0  492.3846    1.0273
0  546.8834    0.9902
0  603.3287    0.9532
0  659.7739    0.9700
0  714.2728    0.9700
0  768.1228    0.9161
0  819.3777    1.0172
                      


% 13                     
% Ray et al. [JGR 2006]                     
% 306I                     
% Mafic Granulite                     
% 3.0 other
% ------------------------
10
0 3
3 5.9
4 14.99
5 18.61
8 0.4
17 19.36
18 17.85
21 8.73
22 8.05
13 0.4

1
12
0  293.8530    1.2395
0  317.2097    1.1755
0  349.6495    1.1250
0  380.7917    1.0778
0  441.1297    1.0172
0  497.5749    0.9734
0  552.0738    0.9465
0  607.8702    0.9498
0  662.3691    0.9397
0  720.7607    0.9936
0  771.3668    0.9902
0  818.7289    1.0441
                        


% 14                     
% Ray et al. [JGR 2006]                     
% 98-43B                     
% Orthogniess                     
% 4.9 other
% ------------------------
10
0 16.7
3 20.6
4 20.79
5 9.11
8 5.9
13 27
17 0.2
18 0.19
21 0.27
22 0.24

1
11
0  292.9873    1.5792
0  314.0602    1.5086
0  343.9134    1.4288
0  374.9375    1.3889
0  434.6440    1.3244
0  490.2531    1.2722
0  544.6914    1.2078
0  588.5933    1.2078
0  654.1535    1.1986
0  709.7625    1.2508
0  763.6155    1.3091
                      


% 15                     
% Ray et al. [JGR 2006]                     
% K-67                     
% Paragneiss                     
% 0.9 other
% ------------------------
6
0 30.4
3 28.8
4 20.91
5 4.79
8 7.2
29 7

1
12
0  295.2082    1.9725
0  316.1285    1.8241
0  346.9278    1.7214
0  374.2404    1.5730
0  430.0278    1.4532
0  485.8151    1.4132
0  542.1836    1.3219
0  599.7144    1.2734
0  656.0829    1.2905
0  712.4514    1.3505
0  767.0765    1.3419
0  817.0527    1.4104
                      


% 16                     
% Ray et al. [JGR 2006]                     
% K-76                     
% Paragneiss                     
% 4.0 other
% ------------------------
6
0 24.7
3 58.3
4 2.54
5 0.86
8 8.6
29 11

1
12
0  296.3705    2.1066
0  313.2229    1.9697
0  344.0222    1.7842
0  374.2404    1.6558
0  432.9333    1.5017
0  486.9774    1.4246
0  545.0892    1.3876
0  597.9710    1.3818
0  653.7584    1.4047
0  708.9647    1.4532
0  763.0087    1.5160
0  813.5660    1.5930
                      


% 17                     
% Gibert et al. [JGR, 2003]                     
% BALM4x1                     
% Lherzolite                     
% 0 other
% ------------------------
7
17 2.7
18 0.3
21 17.1
22 1.9
23 68.4
24 7.6
25 2

1
34
0   294  1.39
0   319  1.28
0   321  1.26
0   351  1.17
0   385  1.10
0   398  1.08
0   428  1.01
0   461  0.94
0   466  0.92
0   518  0.87
0   566  0.83
0   573  0.81
0   622  0.78
0   620  0.76
0   667  0.74
0   677  0.73
0   719  0.72
0   728  0.69
0   771  0.70
0   776  0.68
0   821  0.68
0   824  0.66
0   867  0.68
0   869  0.66
0   919  0.67
0   970  0.65
0  1014  0.61
0  1066  0.60
0  1108  0.60
0  1113  0.60
0  1156  0.59
0  1201  0.58
0  1199  0.57
0  1246  0.57
                      


% 18                     
% Gibert et al. [JGR, 2003]                     
% PNG                     
% Lherzolite                     
% 0 other
% ------------------------
5
21 10.93
22 1.07
23 79.26
24 7.74
25 1

1
37
0   294  1.50
0   295  1.48
0   313  1.39
0   319  1.38
0   326  1.36 
0   351  1.25
0   381  1.17
0   391  1.15
0   426  1.06
0   431  1.05     
0   467  0.99
0   469  0.98
0   470  0.98
0   516  0.92
0   526  0.91     
0   566  0.87
0   575  0.85
0   613  0.81
0   618  0.82
0   666  0.78
0   672  0.77
0   716  0.76
0   724  0.74
0   765  0.75
0   775  0.73     
0   821  0.73
0   820  0.72
0   870  0.71
0   873  0.69
0   918  0.70
0   918  0.69
0   966  0.67
0  1012  0.66
0  1020  0.65
0  1060  0.64
0  1064  0.66
0  1111  0.64
                      


% 19                     
% Hanley et al. [JGR 1978]                     
% BG
% Granite
% 0 other
% ------------------------
6
0 31
3 19
4 27.75
5 9.25
7 4
8 7 

1
11
0  298.06964   1.3712
0  347.27075   1.2523
0  383.11728   1.1884
0  474.49077   1.0125
0  570.78438   0.8845
0  692.38141   0.7406
0  746.50263   0.6789
0  849.82497   0.6469
0  893.40310   0.6492
0  946.11857   0.6972
0  993.21107   0.7360


                      
% 20                     
% Hanley et al. [JGR 1978]                     
% WG                     
% Granite                     
% 2 other
% ------------------------
6
0 25
3 31
4 33.3
5 3.7
7 2
8 4

1
10
0  298.77251   1.4054
0  328.99605   1.2889
0  420.36955   1.0627
0  518.77177   0.8959
0  641.77455   0.7703
0  742.98827   0.6926
0  799.21811   0.6629
0  861.77381   0.6492
0  954.55305   0.6949
0  999.53693   0.7520



% 21                     
% Hanley et al. [JGR 1978]                     
% SCG                     
% Granite                     
% 5 other
% ------------------------
6
0 25
3 15
4 32
5 8
8 5
13 13

1
8
0  293.85240   1.2569
0  369.05980   1.0833
0  476.59940   0.9165
0  584.13900   0.7817
0  676.21530   0.7109
0  787.97210   0.6469
0  898.32320   0.5943
0  999.53690   0.6378
