% Calibration dataset
% Ray et al. [GJI, submitted]
15 0
 
% 1
% Ray et al. [GJI submitted]
% KAN-3
% Charnokite
5
0 33.7
3 18.5
4 31.9
5 13
21 0.8

1
12
0  294.1147    1.8090
0  313.6312    1.6672
0  344.2071    1.5573
0  375.4335    1.4850
0  435.2843    1.3953
0  493.1833    1.2651
0  551.7329    1.2102
0  608.3308    1.1784
0  666.2299    1.1610
0  722.8278    1.1957
0  776.8236    1.2391
0  827.5666    1.3288
 
% 2
% Ray et al. [GJI submitted]
% NC-99
% Charnokite
7
0 31.1
3 17.3
4 36.6
5 11.6
8 0.3
21 0.8
22 1.5

1
12
0  293.4641    1.8147
0  312.9806    1.7222
0  342.9060    1.6123
0  372.1808    1.5226
0  427.4776    1.4242
0  482.1239    1.2941
0  536.7702    1.1899
0  593.3682    1.1842
0  648.0145    1.1610
0  702.6608    1.1842
0  755.3554    1.2825
0  806.7489    1.3490
 
% 3
% Ray et al. [GJI submitted]
% EK-105
% Charnokite
6
0 25.4
3 27
4 31.7
5 10
13 5.1
21 0.8

1
12
0  293.4641    2.1416
0  313.6312    1.9362
0  338.3521    1.8350
0  364.3742    1.7251
0  417.0688    1.5949
0  471.7151    1.4705
0  527.0120    1.3751
0  582.3088    1.1957
0  640.8584    1.2854
0  700.0586    1.3114
0  756.0060    1.2912
0  810.6522    1.3693
 
% 4
% Ray et al. [GJI submitted]
% K-37
% Charnokite
9
0 18.2
2 42
4 23.4
5 9.3
17 1.6
18 2.2
21 0.8
22 0
26 1.9
                      
1
12
0  294.7652    1.6846
0  311.6795    1.5486
0  340.9543    1.4271
0  368.9280    1.3259
0  424.8754    1.2478
0  479.5217    1.1581
0  536.1197    1.1147
0  595.3198    1.0713
0  652.5683    1.0453
0  707.8652    1.0395
0  765.1137    1.0598
0  816.5072    1.0771
 
% 5
% Ray et al. [GJI submitted]
% KU-5
% Charnokite
10
0 44.4
3 1.4
4 25.7
5 16.3
8 1.2
21 2.7
22 3.2
28 1.7
29 2.8
30 0.5

1
12
0  293.4228    2.2315
0  315.0312    1.9831
0  345.8068    1.8011
0  377.2372    1.6769
0  436.8240    1.4632
0  493.7916    1.3621
0  550.1044    1.2639
0  606.4171    1.1975
0  662.0751    1.1772
0  717.0783    1.2379
0  772.7363    1.2408
0  823.1559    1.2408
 
% 6
% Ray et al. [GJI submitted]
% MP-98
% Enderbite
9
0 40.7
3 1.1
4 33.6
5 10.9
8 8.7
21 0.9
22 0.6
28 1.4
29 2.1

1
12
0  295.3872    2.1882
0  312.4120    2.0669
0  340.5684    1.8907
0  367.4152    1.7607
0  422.4184    1.5787
0  474.1476    1.4401
0  529.8056    1.3419
0  587.4280    1.2783
0  645.0503    1.2754
0  702.0179    1.2292
0  757.6759    1.1917
0  808.0955    1.1772
 
% 7
% Ray et al. [GJI submitted]
% 98-46
% Enderbite
7
0 32.6
3 2.4
4 39.1
5 15.9
13 1.1
17 2.7
18 1.5

1
12
0  292.1132    1.5383
0  313.7216    1.4285
0  341.8780    1.3737
0  370.0344    1.3303
0  421.7636    1.2379
0  476.7668    1.1686
0  534.3892    1.1050
0  592.6664    1.0906
0  647.0147    1.0617
0  705.9467    1.0733
0  760.9499    1.0704
0  812.6791    1.0299
 
% 8
% Ray et al. [GJI submitted]
% 98-78
% Enderbite
7
0 20.8
3 10.6
4 38.7
5 19.8
8 1.2
21 4.2
22 4.1
    
1
12
0  295.3872    1.5296
0  314.3764    1.4372
0  343.8424    1.3477
0  371.9988    1.2754
0  429.6212    1.1830
0  483.9696    1.1252
0  542.2468    1.0761
0  597.2499    1.0530
0  640.4667    1.0299
0  682.3739    1.0415
0  737.3771    1.1050
0  813.3339    1.1599
 
% 9
% Ray et al. [GJI submitted]
% 98-39
% Enderbite
7
0 13.8
4 41.8
5 16.9
21 14.9
22 8
28 1.5
29 1.8

1
12
0  293.8530    1.2025
0  312.0193    1.1317
0  343.1615    1.0307
0  372.3573    0.9801
0  430.7490    0.9262
0  485.8966    0.8521
0  541.0443    0.8184
0  599.4359    0.8286
0  655.2323    0.7915
0  711.6776    0.7713
0  766.1764    0.7645
0  816.1337    0.7881
 
% 10
% Ray et al. [GJI submitted]
% KO2
% Mafic Granulite
7
4 16.5
5 15.7
8 12.1
16 13.3
22 9
28 10.5
29 10.7

1
12
0  296.4482    1.3473
0  315.9121    1.2597
0  347.0543    1.1991
0  378.8453    1.1452
0  439.1833    1.0846
0  495.6286    1.0441
0  550.7762    1.0206
0  607.8702    1.0206
0  663.0179    1.0172
0  718.8143    1.0239
0  773.9620    1.0441
0  823.9193    1.1115
 
% 11
% Ray et al. [GJI submitted]
% 316I
% Mafic Granulite
13
0 17.2
3 1.2
4 15.8
5 18.4
13 1.4
11 2.6  % really illite
17 20.6
18 8.2
21 1.3
22 0.8
28 3.5
29 6.3
30 2.8

1
11
0  312.6681    1.3372
0  347.0543    1.1924
0  378.1965    1.1418
0  436.5881    1.0576
0  492.3846    1.0273
0  546.8834    0.9902
0  603.3287    0.9532
0  659.7739    0.9700
0  714.2728    0.9700
0  768.1228    0.9161
0  819.3777    1.0172
 
% 12
% Ray et al. [GJI submitted]
% 306I
% Mafic Granulite
9
0 1.3
4 29.2
5 18.5
13 11.5
17 18.4
18 9
21 7.3
22 3.9
26 1.1

1
12
0  293.8530    1.2395
0  317.2097    1.1755
0  349.6495    1.1250
0  380.7917    1.0778
0  441.1297    1.0172
0  497.5749    0.9734
0  552.0738    0.9465
0  607.8702    0.9498
0  662.3691    0.9397
0  720.7607    0.9936
0  771.3668    0.9902
0  818.7289    1.0441
 
% 13
% Ray et al. [GJI submitted]
% 98-43B
% Orthogniess
6
0 4.7
3 6.5 % epidote, not k-spar
4 54.1
5 17.1
8 5
13 12.6

1
11
0  292.9873    1.5792
0  314.0602    1.5086
0  343.9134    1.4288
0  374.9375    1.3889
0  434.6440    1.3244
0  490.2531    1.2722
0  544.6914    1.2078
0  588.5933    1.2078
0  654.1535    1.1986
0  709.7625    1.2508
0  763.6155    1.3091
 
% 14
% Ray et al. [GJI submitted]
% K-67
% Paragneiss
7
0 27.9
3 4.4
4 50.7
5 12.1
8 2.3
28 1.1
29 1.4

1
12
0  295.2082    1.9725
0  316.1285    1.8241
0  346.9278    1.7214
0  374.2404    1.5730
0  430.0278    1.4532
0  485.8151    1.4132
0  542.1836    1.3219
0  599.7144    1.2734
0  656.0829    1.2905
0  712.4514    1.3505
0  767.0765    1.3419
0  817.0527    1.4104
 
% 15
% Ray et al. [GJI submitted]
% K-76
% Paragneiss
7
0 18.5
3 45.8
4 20.7
5 4.9
8 4.2
28 3
29 2.9

1
12
0  296.3705    2.1066
0  313.2229    1.9697
0  344.0222    1.7842
0  374.2404    1.6558
0  432.9333    1.5017
0  486.9774    1.4246
0  545.0892    1.3876
0  597.9710    1.3818
0  653.7584    1.4047
0  708.9647    1.4532
0  763.0087    1.5160
0  813.5660    1.5930
