% Modal composition (%)
%          Charnockite                 Enderbite            Mafic Granulite    Gneiss (o-,p-,p-)
% ----------------------------- ----------------------- ----------------------- ------------------
%   1     2     3     4     5     6     7     8     9     10    11    12    13     14    15    16
% KAN-3 NC-99 EK-105 K-37  K-43  KU-5 MP-98 98-46 98-78 98-39  316I  306I   KO2 98-43B  K-67  K-76  % ID
%  32.2  34.5  26.9  19.9   0.5  44.2  36.0  25.8  21.6   7.4   2.0   3.0   1.4   16.7  30.4  24.7  % Quartz
%  17.6  18.8  11.2  14.5  25.1  33.1  34.0  35.7  36.6  37.0  27.5  33.6  22.0   29.9  25.7   3.4  % Plagioclase 
%  42.7  32.0  50.7  47.6  57.0   9.2   5.0   7.3  12.6   2.0   9.6   5.9   1.4   20.6  28.8  58.3  % K-feldspar 
%   1.0  11.7   7.2   7.5  15.5   4.5   6.6  18.2  22.8  36.0   4.2  54.0  21.0    0.9   0.0   0.0  % Pyroxene 
%   0.0   0.0   0.0   2.4   0.0   8.4   9.0   7.0   0.2  12.0   9.0   0.0  29.2    0.0   7.0  11.0  % Garnet 
%   0.0   0.0   1.2   0.0   0.0   0.0   0.0   0.0   0.4   0.0  46.5   0.4   0.0   27.0   0.0   0.0  % Amphibole 
%   5.5   0.0   0.0   1.4   0.4   0.0  13.4   4.0   3.4   1.0   0.0   0.4  24.0    5.9   7.2   8.6  % Biotite 
%   1.0   3.0   2.3   6.7   1.5   0.6   6.0   2.0   2.4   4.6   1.2   3.0   1.0    4.9   0.9   4.0  % Others
%
%  72.43 69.50 67.89 63.83 59.42 70.66 69.85 65.20 63.09 57.78 55.83 50.82 46.97  55.73 68.82 63.94 % SiO2 
%   0.31  0.45  0.59  0.72  0.95  0.42  0.48  0.63  0.80  1.15  0.59  0.75  0.80   0.67  0.44  0.69 % TiO2 
%  14.37 14.75 14.49 15.24 18.80 12.74 13.85 14.84 16.52 15.82 13.24 14.69 16.31  20.24 16.92 16.01 % Al2O3 
%   2.38  3.61  4.37  6.12  4.02  5.77  5.08  5.65  5.92 11.23 11.18 11.54 12.71   5.03  2.49  4.98 % Fe2O3 
%   0.02  0.04  0.06  0.10  0.08  0.10  0.06  0.06  0.06  0.16  0.20  0.18  0.19   0.06  0.01  0.06 % MnO 
%   0.73  0.70  0.58  0.45  1.30  2.24  2.24  2.37  1.90  5.27  6.36  6.32  8.09   2.76  0.94  1.20 % MgO 
%   2.65  2.83  2.60  2.53  3.09  3.76  2.84  4.33  4.44  3.45  9.56 11.22 11.40   7.07  3.12  1.87 % CaO 
%   3.53  3.98  3.57  3.16  3.51  2.66  3.22  3.87  3.90  3.82  1.82  3.14  1.94   5.61  4.73  1.93 % Na2O 
%   2.90  2.76  4.43  5.96  6.67  0.37  1.37  0.95  1.98  1.02  0.21  0.51  0.51   1.14  1.66  7.49 % K2O 
%   0.05  0.14  0.19  0.16  0.26  0.12  0.10  0.21  0.28  0.02  0.07  0.07  0.06   0.22  0.07  0.55 % P2O5 

16 0 % samples

% Charnockite
% KAN-3 % 1.0 unaccouned for
7
 0 32.2
 3 42.7
 5 17.6
 8  5.5
14  0.0
18  1.0
29  0.0

0
24 25 275
1 0 0

% NC-99 % 3.0 unaccounted for
7
 0 34.5
 3 32.0
 5 18.8
 8  0.0
14  0.0
17 11.7
29  0.0

0
24 25 275
1 0 0


% EK-105 % 2.3 unaccounted for
7
 0 26.9 
 3 50.7 
 5 11.2 
 8  0.0 
14  1.2 
17  7.2 
29  0.0 

0
24 25 275
1 0 0


% K-37 % 6.7 unaccounted for
7
 0 19.9
 3 47.6
 5 14.5
 8  1.4
14  0.0
17  7.5
29  2.4

0
24 25 275
1 0 0


% K-43 % 1.5 unaccounted for
7
 0  0.5
 3 57.0
 5 25.1
 8  0.4
14  0.0
17 15.5
29  0.0

0
24 25 275
1 0 0

% Enderbite
% KU-5 % 0.6 unaccounted for
7
 0 44.2
 3  9.2
 5 33.1
 8  0.0
14  0.0
17  4.5
29  8.4

0
24 25 275
1 0 0


% MP-98 % 6.0 unaccounted for
7
 0 36.0
 3  5.0
 5 34.0
 8 13.4
14  0.0
17  6.6
29  9.0

0
24 25 275
1 0 0


% 98-46 % 2.0 unaccounted for
7
 0 25.8
 3  7.3
 5 35.7
 8  4.0
14  0.0
17 18.2
29  7.0

0
24 25 275
1 0 0


% 98-78 % 2.4 unaccounted for
7
 0 21.6
 3 12.6
 5 36.6
 8  3.4
14  0.4
17 22.8
29  0.2

0
24 25 275
1 0 0


% Mafic Granulite
% 98-39 % 4.6 unaccounted for
7
 0  7.4
 3  2.0
 5 37.0
 8  1.0
14  0.0
17 36.0
29 12.0

0
24 25 275
1 0 0


% K2O % 1.0 unaccounted for
7
 0  1.4 
 3  1.4 
 5 22.0 
 8 24.0 
14  0.0 
17 21.0 
29 29.2 

0
24 25 275
1 0 0


% 316I % 1.2 unaccounted for
7
 0  2.0
 3  9.6
 5 27.5
 8  0.0
14 46.5
17  4.2
29  9.0

0
24 25 275
1 0 0


% 306I % 3.0 unaccounted for
7
 0  3.0
 3  5.9
 5 33.6
 8  0.4
14  0.4
17 54.0
29  0.0

0
24 25 275
1 0 0


% Gneiss
% Orthogneiss
% 98-43B % 4.9 unaccounted for
7
 0 16.7
 3 20.6
 5 29.9
 8  5.9
14 27.0
17  0.9
29  0.0

0
24 25 275
1 0 0


% Paragneiss
% K-67 % 0.9 unaccounted for
7
 0 30.4
 3 28.8
 5 25.7
 8  7.2
14  0.0
17  0.0
29  7.0

0
24 25 275
1 0 0


% K-76 % 4.0 unaccounted for
7
 0 24.7 
 3 58.3 
 5  3.4 
 8  8.6 
14  0.0 
17  0.0 
29 11.0 

0
24 25 275
1 0 0
