% Modal composition (%)
%          Charnockite                 Enderbite            Mafic Granulite    Gneiss (o-,p-,p-)
% ----------------------------- ----------------------- ----------------------- ------------------
%   1     2     3     4     5     6     7     8     9     10    11    12    13     14    15    16
% KAN-3 NC-99 EK-105 K-37  K-43  KU-5 MP-98 98-46 98-78 98-39  316I  306I   KO2 98-43B  K-67  K-76  % ID
%  32.2  34.5  26.9  19.9   0.5  44.2  36.0  25.8  21.6   7.4   2.0   3.0   1.4   16.7  30.4  24.7  % Quartz
%  17.6  18.8  11.2  14.5  25.1  33.1  34.0  35.7  36.6  37.0  27.5  33.6  22.0   29.9  25.7   3.4  % Plagioclase 
%  42.7  32.0  50.7  47.6  57.0   9.2   5.0   7.3  12.6   2.0   9.6   5.9   1.4   20.6  28.8  58.3  % K-feldspar 
%   1.0  11.7   7.2   7.5  15.5   4.5   6.6  18.2  22.8  36.0   4.2  54.0  21.0    0.9   0.0   0.0  % Pyroxene 
%   0.0   0.0   0.0   2.4   0.0   8.4   9.0   7.0   0.2  12.0   9.0   0.0  29.2    0.0   7.0  11.0  % Garnet 
%   0.0   0.0   1.2   0.0   0.0   0.0   0.0   0.0   0.4   0.0  46.5   0.4   0.0   27.0   0.0   0.0  % Amphibole 
%   5.5   0.0   0.0   1.4   0.4   0.0  13.4   4.0   3.4   1.0   0.0   0.4  24.0    5.9   7.2   8.6  % Biotite 
%   1.0   3.0   2.3   6.7   1.5   0.6   6.0   2.0   2.4   4.6   1.2   3.0   1.0    4.9   0.9   4.0  % Others
%
%  72.43 69.50 67.89 63.83 59.42 70.66 69.85 65.20 63.09 57.78 55.83 50.82 46.97  55.73 68.82 63.94 % SiO2 
%   0.31  0.45  0.59  0.72  0.95  0.42  0.48  0.63  0.80  1.15  0.59  0.75  0.80   0.67  0.44  0.69 % TiO2 
%  14.37 14.75 14.49 15.24 18.80 12.74 13.85 14.84 16.52 15.82 13.24 14.69 16.31  20.24 16.92 16.01 % Al2O3 
%   2.38  3.61  4.37  6.12  4.02  5.77  5.08  5.65  5.92 11.23 11.18 11.54 12.71   5.03  2.49  4.98 % Fe2O3 
%   0.02  0.04  0.06  0.10  0.08  0.10  0.06  0.06  0.06  0.16  0.20  0.18  0.19   0.06  0.01  0.06 % MnO 
%   0.73  0.70  0.58  0.45  1.30  2.24  2.24  2.37  1.90  5.27  6.36  6.32  8.09   2.76  0.94  1.20 % MgO 
%   2.65  2.83  2.60  2.53  3.09  3.76  2.84  4.33  4.44  3.45  9.56 11.22 11.40   7.07  3.12  1.87 % CaO 
%   3.53  3.98  3.57  3.16  3.51  2.66  3.22  3.87  3.90  3.82  1.82  3.14  1.94   5.61  4.73  1.93 % Na2O 
%   2.90  2.76  4.43  5.96  6.67  0.37  1.37  0.95  1.98  1.02  0.21  0.51  0.51   1.14  1.66  7.49 % K2O 
%   0.05  0.14  0.19  0.16  0.26  0.12  0.10  0.21  0.28  0.02  0.07  0.07  0.06   0.22  0.07  0.55 % P2O5 

%% VB 242 AIA2 - Seipold & Hunges [Tectonophysics, 1998]
%  299.2761    1.2086
%  321.9397    1.0946
%  367.8481    0.9691
%  419.5676    0.8351
%  467.8005    0.7609
%  518.3578    0.7011
%  566.0095    0.6611
%  615.9857    0.5956
%  672.3542    0.5642
%  717.1003    0.5243
%  770.5633    0.4843
%
%
%% Amphibolite
%% VB 944 E6S2 - Seipold & Hunges [Tectonophysics, 1998]
%  299.4262    0.7013
%  322.2552    0.6890
%  367.3278    0.6000
%  420.5954    0.5417
%  468.0095    0.5018
%  518.3503    0.4342
%  566.3497    0.4250
%  616.6905    0.3912
%  671.7142    0.3544
%  717.3722    0.3298
%  770.0545    0.3145

% Charnockite
% KAN-3
  294.1147    1.8090
  313.6312    1.6672
  344.2071    1.5573
  375.4335    1.4850
  435.2843    1.3953
  493.1833    1.2651
  551.7329    1.2102
  608.3308    1.1784
  666.2299    1.1610
  722.8278    1.1957
  776.8236    1.2391
  827.5666    1.3288
  NaN         NaN

% NC-99
  293.4641    1.8147
  312.9806    1.7222
  342.9060    1.6123
  372.1808    1.5226
  427.4776    1.4242
  482.1239    1.2941
  536.7702    1.1899
  593.3682    1.1842
  648.0145    1.1610
  702.6608    1.1842
  755.3554    1.2825
  806.7489    1.3490
  NaN         NaN

% EK-105
  293.4641    2.1416
  313.6312    1.9362
  338.3521    1.8350
  364.3742    1.7251
  417.0688    1.5949
  471.7151    1.4705
  527.0120    1.3751
  582.3088    1.1957
  640.8584    1.2854
  700.0586    1.3114
  756.0060    1.2912
  810.6522    1.3693
  NaN         NaN

% K-37
  294.7652    1.6846
  311.6795    1.5486
  340.9543    1.4271
  368.9280    1.3259
  424.8754    1.2478
  479.5217    1.1581
  536.1197    1.1147
  595.3198    1.0713
  652.5683    1.0453
  707.8652    1.0395
  765.1137    1.0598
  816.5072    1.0771
  NaN         NaN

% K-43
  296.0663    1.3028
  314.2817    1.2449
  344.2071    1.1986
  371.5302    1.1610
  426.8271    1.1176
  483.4250    1.0800
  539.3724    1.0627
  598.5726    1.0395
  655.8211    1.0395
  715.6718    1.0540
  771.6192    1.1292
  823.0127    1.2189
  NaN         NaN

% Enderbite
% KU5
  293.4228    2.2315
  315.0312    1.9831
  345.8068    1.8011
  377.2372    1.6769
  436.8240    1.4632
  493.7916    1.3621
  550.1044    1.2639
  606.4171    1.1975
  662.0751    1.1772
  717.0783    1.2379
  772.7363    1.2408
  823.1559    1.2408
  NaN         NaN

% MP-98
  295.3872    2.1882
  312.4120    2.0669
  340.5684    1.8907
  367.4152    1.7607
  422.4184    1.5787
  474.1476    1.4401
  529.8056    1.3419
  587.4280    1.2783
  645.0503    1.2754
  702.0179    1.2292
  757.6759    1.1917
  808.0955    1.1772
  NaN         NaN

% 98-46
  292.1132    1.5383
  313.7216    1.4285
  341.8780    1.3737
  370.0344    1.3303
  421.7636    1.2379
  476.7668    1.1686
  534.3892    1.1050
  592.6664    1.0906
  647.0147    1.0617
  705.9467    1.0733
  760.9499    1.0704
  812.6791    1.0299
  NaN         NaN

% 98-78
  295.3872    1.5296
  314.3764    1.4372
  343.8424    1.3477
  371.9988    1.2754
  429.6212    1.1830
  483.9696    1.1252
  542.2468    1.0761
  597.2499    1.0530
  640.4667    1.0299
  682.3739    1.0415
  737.3771    1.1050
  813.3339    1.1599
  NaN         NaN

% Mafic Granulite
% 98-39
  293.8530    1.2025
  312.0193    1.1317
  343.1615    1.0307
  372.3573    0.9801
  430.7490    0.9262
  485.8966    0.8521
  541.0443    0.8184
  599.4359    0.8286
  655.2323    0.7915
  711.6776    0.7713
  766.1764    0.7645
  816.1337    0.7881
  NaN         NaN

% 316I
  312.6681    1.3372
  347.0543    1.1924
  378.1965    1.1418
  436.5881    1.0576
  492.3846    1.0273
  546.8834    0.9902
  603.3287    0.9532
  659.7739    0.9700
  714.2728    0.9700
  768.1228    0.9161
  819.3777    1.0172
  NaN         NaN

% 306I
  293.8530    1.2395
  317.2097    1.1755
  349.6495    1.1250
  380.7917    1.0778
  441.1297    1.0172
  497.5749    0.9734
  552.0738    0.9465
  607.8702    0.9498
  662.3691    0.9397
  720.7607    0.9936
  771.3668    0.9902
  818.7289    1.0441
  NaN         NaN

% K2O
  296.4482    1.3473
  315.9121    1.2597
  347.0543    1.1991
  378.8453    1.1452
  439.1833    1.0846
  495.6286    1.0441
  550.7762    1.0206
  607.8702    1.0206
  663.0179    1.0172
  718.8143    1.0239
  773.9620    1.0441
  823.9193    1.1115
  NaN         NaN

% Gneiss
% Orthogneiss
% 98-43B
  292.9873    1.5792
  314.0602    1.5086
  343.9134    1.4288
  374.9375    1.3889
  434.6440    1.3244
  490.2531    1.2722
  544.6914    1.2078
  588.5933    1.2078
  654.1535    1.1986
  709.7625    1.2508
  763.6155    1.3091
  NaN         NaN

% Paragneiss
% K-67
  295.2082    1.9725
  316.1285    1.8241
  346.9278    1.7214
  374.2404    1.5730
  430.0278    1.4532
  485.8151    1.4132
  542.1836    1.3219
  599.7144    1.2734
  656.0829    1.2905
  712.4514    1.3505
  767.0765    1.3419
  817.0527    1.4104
  NaN         NaN

% K-76
  296.3705    2.1066
  313.2229    1.9697
  344.0222    1.7842
  374.2404    1.6558
  432.9333    1.5017
  486.9774    1.4246
  545.0892    1.3876
  597.9710    1.3818
  653.7584    1.4047
  708.9647    1.4532
  763.0087    1.5160
  813.5660    1.5930
  NaN         NaN

