% Mineral index key
%  0: alpha-quartz      10: Fe-epidote          20: wollastonite        30: grossular
%  1: beta-quartz       11: clinochlore         21: enstatite           31: spessartine
%  2: orthoclase        12: daphnite            22: ferrosillite        32: aragonite
%  3: sanadine          13: hornblende          23: forsterite          33: calcite
%  4: albite            14: tremolite           24: fayalite            34: dolomite
%  5: anorthite         15: ferro-actinolite    25: spinel              35: andalucite
%  6: muscovite         16: pargasite           26: magnetite           36: kyanite
%  7: paragonite        17: diopside            27: hercynite           37: sillimanite
%  8: phlogopite        18: hedenbergite        28: pyrope              38: rutile
%  9: annite            19: jadite              29: almandine

5 1             % N samples, [-1,0,1,2] = [check each,effective,lattice,radiative]

% Westerly Granite [Durham et al., 1987] 
7
0 18
2 29
4 27.38
5 9.62
6 4
8 9
13 1

1
141
   1.0000000e-04   6.7500000e+02
   6.3000000e-03   6.7500000e+02
   1.9500000e-02   6.7400000e+02
   1.0000000e-04   5.8800000e+02
   5.8000000e-03   5.8900000e+02
   5.0000000e-02   6.7300000e+02
   2.0000000e-02   5.9200000e+02
   1.0100000e-01   6.7200000e+02
   1.0000000e-01   5.9200000e+02
   5.1000000e-02   5.9200000e+02
   1.0000000e-04   4.8600000e+02
   2.0000000e-02   4.8300000e+02
   6.5000000e-03   4.2900000e+02
   5.0500000e-02   4.8100000e+02
   6.4000000e-03   4.8600000e+02
   1.0250000e-01   4.7900000e+02
   2.0000000e-02   4.2700000e+02
   9.9500000e-02   4.2800000e+02
   5.1000000e-02   4.2600000e+02
   5.1000000e-03   3.3800000e+02
   2.0500000e-02   3.7300000e+02
   5.0000000e-02   3.7400000e+02
   7.0000000e-03   3.7600000e+02
   1.0000000e-04   3.3200000e+02
   1.0500000e-02   3.4700000e+02
   1.0000000e-04   3.3200000e+02
   1.0040000e-01   3.3300000e+02
   1.0180000e-01   3.3500000e+02
   2.0500000e-02   3.4800000e+02
   1.0000000e-04   3.5400000e+02
   1.0150000e-01   3.7500000e+02
   2.1000000e-02   3.3300000e+02
   5.1000000e-03   3.3800000e+02
   6.0000000e-03   3.5200000e+02
   5.1000000e-03   3.1600000e+02
   6.8000000e-03   3.0600000e+02
   2.1100000e-02   3.3300000e+02
   1.0340000e-01   3.3800000e+02
   4.8500000e-02   3.0500000e+02
   1.6500000e-02   3.0700000e+02
   1.0900000e-02   3.0900000e+02
   9.6000000e-03   3.1400000e+02
   2.1100000e-02   3.0900000e+02
   4.9000000e-02   3.4900000e+02
   5.1300000e-02   3.0800000e+02
   5.1300000e-02   3.0900000e+02
   2.1100000e-02   3.0900000e+02
   5.8000000e-03   3.0900000e+02
   5.1000000e-03   3.1600000e+02
   5.1300000e-02   3.0800000e+02
   1.0110000e-01   3.0800000e+02
   2.0800000e-02   3.0900000e+02
   1.0300000e-01   3.4900000e+02
   5.1100000e-02   3.0900000e+02
   1.9500000e-02   3.1400000e+02
   1.0600000e-02   3.0900000e+02
   1.0120000e-01   3.0800000e+02
   2.0500000e-02   3.1800000e+02
   1.9500000e-01   3.0500000e+02
   1.0000000e-02   3.1800000e+02
   1.5430000e-01   3.0700000e+02
   1.8780000e-01   3.0700000e+02
   1.5220000e-01   3.0800000e+02
   1.9610000e-01   3.0700000e+02
   4.9500000e-02   3.1500000e+02
   5.1000000e-02   3.1900000e+02
   9.0000000e-02   3.0500000e+02
   1.0050000e-01   3.1500000e+02
   1.0000000e-01   3.1900000e+02
   2.0000000e-01   3.1900000e+02
   1.0000000e-04   6.7300000e+02
   1.0000000e-04   6.7300000e+02
   1.0000000e-04   6.7300000e+02
   1.0000000e-04   6.7300000e+02
   1.0000000e-04   6.7300000e+02
   5.1000000e-03   6.7300000e+02
   1.0500000e-02   6.7400000e+02
   5.0000000e-03   6.7300000e+02
   1.0500000e-02   6.7400000e+02
   1.4000000e-02   6.7400000e+02
   2.1000000e-02   6.7400000e+02
   2.0900000e-02   6.7400000e+02
   5.0000000e-03   6.7400000e+02
   5.0000000e-03   6.7400000e+02
   1.0000000e-04   5.7300000e+02
   1.0000000e-04   5.7300000e+02
   5.1200000e-02   6.7400000e+02
   5.1100000e-02   6.7400000e+02
   1.9000000e-02   6.7200000e+02
   1.0400000e-02   6.7300000e+02
   5.1200000e-02   6.7400000e+02
   1.8000000e-02   6.7300000e+02
   2.0000000e-02   5.7200000e+02
   1.9500000e-02   5.7200000e+02
   5.0000000e-03   5.7300000e+02
   5.0000000e-03   5.7300000e+02
   1.0200000e-01   6.7300000e+02
   1.0200000e-01   6.7400000e+02
   1.0300000e-01   6.7300000e+02
   1.0000000e-04   4.7300000e+02
   1.0000000e-04   4.7300000e+02
   5.2000000e-03   4.7100000e+02
   5.2000000e-03   4.7200000e+02
   5.2000000e-03   4.7200000e+02
   2.1100000e-02   4.7400000e+02
   1.0000000e-04   3.3100000e+02
   1.0000000e-04   3.3100000e+02
   1.0000000e-04   3.3100000e+02
   1.0000000e-04   3.3100000e+02
   1.0020000e-01   4.7200000e+02
   1.0000000e-04   3.3100000e+02
   1.0000000e-04   3.3100000e+02
   1.0700000e-01   5.2400000e+02
   5.2200000e-02   3.7300000e+02
   1.0000000e-04   3.7300000e+02
   1.0000000e-04   3.7200000e+02
   5.1000000e-03   3.7300000e+02
   1.0600000e-02   3.7400000e+02
   1.0600000e-02   3.7400000e+02
   2.0700000e-02   3.7200000e+02
   5.2000000e-02   3.7200000e+02
   2.0600000e-02   3.7200000e+02
   5.1000000e-03   3.7300000e+02
   9.9700000e-02   3.7300000e+02
   5.2100000e-02   3.7300000e+02
   2.0090000e-01   3.7300000e+02
   1.0400000e-02   3.1000000e+02
   1.0010000e-01   3.7300000e+02
   1.5070000e-01   3.7300000e+02
   2.0000000e-01   3.7300000e+02
   1.4960000e-01   3.7300000e+02
   2.1000000e-02   3.1100000e+02
   2.1000000e-02   3.1100000e+02
   5.1000000e-03   3.3700000e+02
   1.0400000e-02   3.1000000e+02
   5.1000000e-03   3.3500000e+02
   1.0300000e-02   3.1000000e+02
   5.0800000e-02   3.1100000e+02
   5.0700000e-02   3.1100000e+02
   1.0300000e-01   3.1100000e+02
   1.0400000e-01   3.1100000e+02



% Lunar Basalt 10069 [Fuji and Osaka, 1973]
9
2    4.8482
4    7.2773
5   43.5628
20    1.0121
21   19.3016
22   14.3117
23    3.4109
24    2.7935
26    3.4818

0
17 25 300
1 0 0


% Westerly Granite [Hanley et al., 1978]
6
0 25
2 31
4 29.6
5  7.4
6  2
8  4

0
29 25 300
1 0 0


% St. Cloud Granodiorite
8
0 25
2 15
4 32
5 8
8 5
11 3
13 10
26 2

0
29 25 300
1 0 0

% Barre Granite
7
0 31
2 19 
4 27.75
5 9.25
6 7
8 4
11 2

0
29 25 300
1 0 0

